>Aligned E. coli Strains
P,F,Y,Q,E,R,G,L,T,H,I,V,S,C,W,A,K,N,D,M
8.754452055235392,8.754452055235392,9.4914176494016,6.925880647268093,7.169489554514237,6.9889173088724155,7.0763801501227555,6.537796003448089,7.754452055235393,8.754452055235392,7.375940431981663,6.828452636679169,8.4914176494016,11.076380150122755,9.076380150122755,6.754452055235393,8.4914176494016,9.076380150122755,7.906455148680442,9.076380150122755
8.754452055235392,10.754452055235392,10.4914176494016,7.925880647268093,8.169489554514236,7.9889173088724155,8.076380150122755,7.537796003448089,8.754452055235392,9.754452055235392,8.375940431981663,7.828452636679169,9.4914176494016,12.076380150122755,10.076380150122755,7.754452055235393,9.4914176494016,10.076380150122755,8.906455148680443,10.076380150122755
9.4914176494016,10.4914176494016,12.228383243567805,8.662846241434298,8.906455148680443,8.725882903038622,8.813345744288961,8.274761597614296,9.4914176494016,10.4914176494016,9.112906026147868,8.565418230845376,10.228383243567805,12.813345744288961,10.813345744288961,8.4914176494016,10.228383243567805,10.813345744288961,9.643420742846649,10.813345744288961
6.925880647268093,7.925880647268093,8.662846241434298,7.097309239300793,6.340918146546937,6.160345900905116,6.247808742155455,5.709224595480789,6.925880647268093,7.925880647268093,6.547369024014363,5.999881228711869,7.662846241434299,10.247808742155454,8.247808742155454,5.925880647268093,7.662846241434299,8.247808742155454,7.077883740713143,8.247808742155454
7.169489554514237,8.169489554514236,8.906455148680443,6.340918146546937,7.584527053793081,6.403954808151259,6.491417649401599,5.952833502726933,7.169489554514237,8.169489554514236,6.790977931260507,6.243490135958013,7.906455148680443,10.4914176494016,8.4914176494016,6.169489554514237,7.906455148680443,8.4914176494016,7.321492647959287,8.4914176494016
6.9889173088724155,7.9889173088724155,8.725882903038622,6.160345900905116,6.403954808151259,7.223382562509439,6.310845403759778,5.772261257085112,6.9889173088724155,7.9889173088724155,6.610405685618686,6.062917890316193,7.725882903038622,10.310845403759778,8.310845403759778,5.9889173088724155,7.725882903038622,8.310845403759778,7.140920402317466,8.310845403759778
7.0763801501227555,8.076380150122755,8.813345744288961,6.247808742155455,6.491417649401599,6.310845403759778,7.398308245010117,5.859724098335452,7.0763801501227555,8.076380150122755,6.6978685268690255,6.150380731566532,7.813345744288961,10.398308245010117,8.398308245010117,6.0763801501227555,7.813345744288961,8.398308245010117,7.228383243567805,8.398308245010117
6.537796003448089,7.537796003448089,8.274761597614296,5.709224595480789,5.952833502726933,5.772261257085112,5.859724098335452,6.321139951660786,6.537796003448089,7.537796003448089,6.159284380194359,5.6117965848918665,7.274761597614296,9.859724098335452,7.859724098335452,5.537796003448089,7.274761597614296,7.859724098335452,6.68979909689314,7.859724098335452
7.754452055235393,8.754452055235392,9.4914176494016,6.925880647268093,7.169489554514237,6.9889173088724155,7.0763801501227555,6.537796003448089,8.754452055235392,8.754452055235392,7.375940431981663,6.828452636679169,8.4914176494016,11.076380150122755,9.076380150122755,6.754452055235393,8.4914176494016,9.076380150122755,7.906455148680442,9.076380150122755
8.754452055235392,9.754452055235392,10.4914176494016,7.925880647268093,8.169489554514236,7.9889173088724155,8.076380150122755,7.537796003448089,8.754452055235392,10.754452055235392,8.375940431981663,7.828452636679169,9.4914176494016,12.076380150122755,10.076380150122755,7.754452055235393,9.4914176494016,10.076380150122755,8.906455148680443,10.076380150122755
7.375940431981663,8.375940431981663,9.112906026147868,6.547369024014363,6.790977931260507,6.610405685618686,6.6978685268690255,6.159284380194359,7.375940431981663,8.375940431981663,7.997428808727933,6.44994101342544,8.112906026147868,10.697868526869025,8.697868526869025,6.375940431981663,8.112906026147868,8.697868526869025,7.527943525426713,8.697868526869025
6.828452636679169,7.828452636679169,8.565418230845376,5.999881228711869,6.243490135958013,6.062917890316193,6.150380731566532,5.6117965848918665,6.828452636679169,7.828452636679169,6.44994101342544,6.902453218122947,7.565418230845376,10.150380731566532,8.150380731566532,5.828452636679169,7.565418230845376,8.150380731566532,6.98045573012422,8.150380731566532
8.4914176494016,9.4914176494016,10.228383243567805,7.662846241434299,7.906455148680443,7.725882903038622,7.813345744288961,7.274761597614296,8.4914176494016,9.4914176494016,8.112906026147868,7.565418230845376,10.228383243567805,11.813345744288961,9.813345744288961,7.4914176494015985,9.228383243567805,9.813345744288961,8.643420742846649,9.813345744288961
11.076380150122755,12.076380150122755,12.813345744288961,10.247808742155454,10.4914176494016,10.310845403759778,10.398308245010117,9.859724098335452,11.076380150122755,12.076380150122755,10.697868526869025,10.150380731566532,11.813345744288961,15.398308245010117,12.398308245010117,10.076380150122755,11.813345744288961,12.398308245010117,11.228383243567805,12.398308245010117
9.076380150122755,10.076380150122755,10.813345744288961,8.247808742155454,8.4914176494016,8.310845403759778,8.398308245010117,7.859724098335452,9.076380150122755,10.076380150122755,8.697868526869025,8.150380731566532,9.813345744288961,12.398308245010117,11.398308245010117,8.076380150122755,9.813345744288961,10.398308245010117,9.228383243567805,10.398308245010117
6.754452055235393,7.754452055235393,8.4914176494016,5.925880647268093,6.169489554514237,5.9889173088724155,6.0763801501227555,5.537796003448089,6.754452055235393,7.754452055235393,6.375940431981663,5.828452636679169,7.4914176494015985,10.076380150122755,8.076380150122755,6.754452055235393,7.4914176494015985,8.076380150122755,6.906455148680442,8.076380150122755
8.4914176494016,9.4914176494016,10.228383243567805,7.662846241434299,7.906455148680443,7.725882903038622,7.813345744288961,7.274761597614296,8.4914176494016,9.4914176494016,8.112906026147868,7.565418230845376,9.228383243567805,11.813345744288961,9.813345744288961,7.4914176494015985,10.228383243567805,9.813345744288961,8.643420742846649,9.813345744288961
9.076380150122755,10.076380150122755,10.813345744288961,8.247808742155454,8.4914176494016,8.310845403759778,8.398308245010117,7.859724098335452,9.076380150122755,10.076380150122755,8.697868526869025,8.150380731566532,9.813345744288961,12.398308245010117,10.398308245010117,8.076380150122755,9.813345744288961,11.398308245010117,9.228383243567805,10.398308245010117
7.906455148680442,8.906455148680443,9.643420742846649,7.077883740713143,7.321492647959287,7.140920402317466,7.228383243567805,6.68979909689314,7.906455148680442,8.906455148680443,7.527943525426713,6.98045573012422,8.643420742846649,11.228383243567805,9.228383243567805,6.906455148680442,8.643420742846649,9.228383243567805,9.058458242125493,9.228383243567805
9.076380150122755,10.076380150122755,10.813345744288961,8.247808742155454,8.4914176494016,8.310845403759778,8.398308245010117,7.859724098335452,9.076380150122755,10.076380150122755,8.697868526869025,8.150380731566532,9.813345744288961,12.398308245010117,10.398308245010117,8.076380150122755,9.813345744288961,10.398308245010117,9.228383243567805,11.398308245010117
